# Created: 11-09-2023  NO, NE, SE, SW.
# name: mapcorners
# type: matrix
# rows: 4
# columns: 2
 11.1102841 49.4611497
 11.1119158 49.4615522
 11.1120902 49.4612589
 11.1104538 49.4608572


