# Created: 11-09-2023  NO, NE, SE, SW.
# name: mapcorners
# type: matrix
# rows: 4
# columns: 2
 11.1102842 49.4611490
 11.111928 49.461568
 11.1120892 49.4612595
 11.1104536 49.4608574


